0.5300188
0.47480416
0.5299527
0.71105886
0.6360216
0.5300009
0.5300909
0.81359303
0.53002334
0.5264557
0.530035
0.52869993
0.90467304
0.6788743
0.41862246
0.53002995
0.5322781
0.9119423
0.60048646
0.530025
0.64347476
0.7712432
0.5303214
0.5313776
0.5300251
0.53002745
0.53097194
0.5300559
0.5300345
0.7675192
0.85285115
0.5300363
0.5299933
0.34620327
0.5300524
0.8662251
0.5300371
0.53322047
0.5307635
0.5299955
0.5300055
0.9148506
0.5979556
0.5301337
0.50801295
0.530345
0.50480044
0.53018135
0.5312233
0.5986517
0.5987129
0.50597245
0.59871
0.6072314
0.8271236
0.637659
0.5989275
0.52430165
0.5983944
0.61113983
0.598489
0.598707
0.5987099
0.598768
0.6205094
0.5991885
0.59871644
0.5987628
0.54601395
0.59933704
0.59868616
0.5986855
0.5988294
0.5392233
0.5582623
0.59872663
0.642184
0.58368486
0.59901863
0.5988308
0.5987239
0.8704318
0.5987094
0.6427584
0.5987157
0.6125071
0.5990539
0.66250855
0.55981785
0.44151005
0.5987154
0.5987533
0.63682455
0.5987217
0.6197883
0.59910214
0.6637798
0.59897363
0.7687731
0.51723194
0.5172642
0.79751307
0.46254474
0.51722896
0.5172693
0.6703075
0.51723236
0.5171977
0.51722956
0.51733524
0.77247196
0.7707258
0.31342587
0.51722974
0.51774305
0.7416041
0.47114486
0.5172315
0.4190865
0.6725004
0.51728314
0.5175793
0.517232
0.5172314
0.5786733
0.5172488
0.5172332
0.64002335
0.76087415
0.5182945
0.5172292
0.44251284
0.5172327
0.6969809
0.5172317
0.5176791
0.5177844
0.51728225
0.5172266
0.76881766
0.5632755
0.51725
0.5606738
0.51992327
0.37736887
0.51727325
0.51758754
0.36041838
0.66406506
0.3601502
0.36017248
0.3397091
0.63194036
0.42159495
0.35966155
0.78215885
0.36199382
0.63712645
0.361648
0.36026633
0.36013743
0.35976082
0.6629745
0.35886183
0.36015
0.35998487
0.53147364
0.3579044
0.3604425
0.3617011
0.35986796
0.7219245
0.66773695
0.36026058
0.38469088
0.5985981
0.35964635
0.36091232
0.3604695
0.63109285
0.36005566
0.6140183
0.3602049
0.52920973
0.35948658
0.30747205
0.64773303
0.63212115
0.360191
0.3600378
0.3022055
0.36004376
0.41943735
0.35855702
0.24427572
0.36007708
0.955114
0.75155395
0.82806015
0.751551
0.85196435
0.75154257
0.75160015
0.82569975
0.75154185
0.75236684
0.7515423
0.7520322
0.9559007
0.85962886
0.5563353
0.75154215
0.75098115
0.9554669
0.8885564
0.7515412
0.8017218
0.9416416
0.7522196
0.7520893
0.751542
0.7515422
0.8095684
0.75154775
0.7515411
0.7909952
0.9361636
0.7523177
0.7515433
0.71031004
0.7515492
0.94847435
0.75154215
0.75218034
0.75198424
0.7515441
0.75154006
0.9555109
0.8948249
0.7515341
0.90382105
0.7519144
0.64509094
0.75152034
0.75154996
0.44010398
0.49259505
0.4509192
0.4890517
0.45221144
0.48907143
0.49325022
0.60402465
0.4884012
0.4816319
0.49340203
0.48621425
0.48140305
0.45628226
0.5533595
0.49260107
0.49249533
0.43262324
0.5757587
0.48817575
0.5588115
0.48338038
0.49796697
0.49503258
0.4899959
0.49120596
0.4714588
0.4932138
0.4891482
0.54357874
0.5284671
0.49501148
0.48819068
0.36584315
0.49538213
0.44201824
0.49404776
0.51064634
0.49384707
0.49181724
0.48267785
0.45467046
0.5830382
0.49242526
0.51196
0.49165905
0.54607713
0.492301
0.49064237
0.37917176
0.30572662
0.37918308
0.4232001
0.37918004
0.3846405
0.3762092
0.3792119
0.42741138
0.37917814
0.39333984
0.3791797
0.37916958
0.37919295
0.37920845
0.52294475
0.37918606
0.37917945
0.37917906
0.4826823
0.37902853
0.37910193
0.37914905
0.3791802
0.3838218
0.33570778
0.37922737
0.5293171
0.53058624
0.37919426
0.3791728
0.37918168
0.6213685
0.37917998
0.37817293
0.37917903
0.3805538
0.37918124
0.391811
0.3998176
0.2137073
0.37917924
0.37917784
0.3892511
0.37917233
0.42459622
0.379278
0.41219708
0.3792007
0.7453245
0.9507887
0.7450999
0.83404326
0.7451582
0.74442714
0.89689934
0.7451044
0.81276214
0.74651
0.8336742
0.7463245
0.74520254
0.74513555
0.7448106
0.8489641
0.74369824
0.7451581
0.74521714
0.7221237
0.74486524
0.74568
0.7480192
0.7450842
0.7947973
0.7873441
0.7450576
0.7709289
0.7508655
0.7450985
0.74633694
0.74563617
0.90952516
0.74485934
0.83395094
0.7451712
0.79257506
0.7453248
0.7945959
0.79899096
0.7072274
0.74518186
0.74522376
0.7580618
0.7451051
0.7301204
0.743909
0.61719704
0.74456793
0.7005877
0.4004706
0.439094
0.4004323
0.65495574
0.39933833
0.4004319
0.40048313
0.40045193
0.3996291
0.4004609
0.4004235
0.8426414
0.57244307
0.1955752
0.4004576
0.40136853
0.8290072
0.42686757
0.40044552
0.39994425
0.6932286
0.40083036
0.401421
0.4004484
0.40045094
0.41571563
0.4004667
0.40045917
0.49929515
0.7835139
0.4005871
0.40043014
0.33200255
0.40047482
0.7831832
0.40045363
0.40207186
0.40090856
0.40051913
0.40042657
0.8538052
0.46288836
0.4005428
0.41484466
0.40104938
0.24392432
0.40057585
0.40128222
0.16188532
0.3669226
0.16186966
0.5107127
0.1618662
0.15311812
0.5494125
0.17753959
0.16185302
0.16186763
0.54545236
0.16186559
0.16189137
0.1618966
0.16186106
0.5896717
0.16186501
0.16186504
0.1618641
0.2708825
0.16124953
0.16186291
0.16188927
0.16186424
0.6159528
0.5092047
0.16190708
0.22401659
0.38583565
0.16186443
0.16187504
0.16187048
0.5392069
0.16186468
0.40448594
0.16186604
0.33225453
0.16186379
0.16332778
0.18737316
0.557367
0.16186579
0.16186523
0.16075704
0.16186346
0.191728
0.16177404
0.15137279
0.16187268
0.5299381
0.5260655
0.52566844
0.52560806
0.52700275
0.4747747
0.5253991
0.52564806
0.5229621
0.5253916
0.5253935
0.8442248
0.5301253
0.5259983
0.5044538
0.52539355
0.37875098
0.5266804
0.5275141
0.5253824
0.52387613
0.6030614
0.85283273
0.44982585
0.5253943
0.5254199
0.52530366
0.5253683
0.5253886
0.50821996
0.5577118
0.67469096
0.5254053
0.52411574
0.5254014
0.5262439
0.5253911
0.57329726
0.51903236
0.5256532
0.5253887
0.5260449
0.5268867
0.52433395
0.5270019
0.5150438
0.5196134
0.5237454
0.41845655
0.6038804
0.5846
0.6038937
0.45623228
0.6038951
0.61558837
0.9282299
0.60176927
0.6039276
0.43571255
0.6038932
0.6038952
0.60387963
0.6038784
0.603905
0.6871794
0.6038976
0.60389555
0.60389674
0.47526598
0.60426193
0.6038792
0.60388625
0.6038963
0.47908047
0.5181781
0.6038826
0.6457216
0.52138543
0.60390395
0.60389704
0.60389394
0.93379945
0.60389566
0.6631199
0.60389465
0.60768396
0.60389847
0.6118266
0.5910197
0.29214635
0.6038952
0.6038972
0.60527515
0.60389555
0.59681773
0.6039575
0.6151532
0.6038944
0.6810601
0.68179697
0.6817663
0.6817367
0.6817755
0.7123484
0.6816699
0.6816486
0.6839376
0.6816714
0.8409743
0.6816716
0.68133855
0.681857
0.68842506
0.6816714
0.8790122
0.68160164
0.6839364
0.681672
0.6821357
0.7008225
0.861815
0.78413916
0.68167144
0.68167704
0.68185353
0.681687
0.6816751
0.70019895
0.6943498
0.7346236
0.6816691
0.68156344
0.68167555
0.68154216
0.6816718
0.8795838
0.68466353
0.6823018
0.68167037
0.6816504
0.6820605
0.68262565
0.6817367
0.68755805
0.6828586
0.68206966
0.84120625
0.5049262
0.53568035
0.50625706
0.5356634
0.5147502
0.7148852
0.53567666
0.53571063
0.66789746
0.53567517
0.5353552
0.5356807
0.53549695
0.50964147
0.6010506
0.5356798
0.53559005
0.47087172
0.6346899
0.53567517
0.6213049
0.5106116
0.53594273
0.5357931
0.5356779
0.53567874
0.50956285
0.5356872
0.53567505
0.5978512
0.56693596
0.53599954
0.5356752
0.34882906
0.5356863
0.45921665
0.5356836
0.5364618
0.53610516
0.53567046
0.535666
0.47849998
0.6709523
0.5356784
0.55297774
0.5354811
0.6159313
0.5356745
0.53555673
0.4145808
0.41490412
0.3887243
0.4148822
0.4245809
0.7376873
0.4148754
0.41492283
0.711554
0.41489214
0.4145141
0.41490445
0.41475725
0.727787
0.669402
0.41490114
0.4151881
0.55483836
0.37701547
0.4148929
0.48168656
0.369519
0.41499117
0.41500717
0.41489592
0.41489965
0.42416653
0.4149225
0.41490242
0.6137963
0.5471892
0.41506672
0.41486818
0.2568971
0.4149223
0.7283651
0.4149126
0.41545117
0.4152657
0.41489872
0.4148648
0.6233611
0.47796556
0.4149113
0.25884613
0.41514668
0.6778766
0.41491464
0.41499326
0.3022764
0.34763542
0.3910996
0.34778827
0.3771085
0.6229979
0.34765956
0.3476598
0.69307953
0.34771603
0.334581
0.34767592
0.34344593
0.7402394
0.40731212
0.34767702
0.36842877
0.40004274
0.3254437
0.34773457
0.35916126
0.4387578
0.341042
0.34891158
0.3477129
0.3477078
0.47515884
0.34775156
0.34774205
0.6541391
0.45047235
0.3507104
0.3476541
0.3598055
0.3476786
0.7204457
0.34771127
0.3523219
0.34823114
0.34788108
0.34770584
0.58265245
0.28623357
0.34781957
0.3474974
0.35274425
0.72848034
0.34793893
0.3569107
0.8382736
0.8938247
0.8382612
0.8411532
0.8382604
0.83683074
0.9842994
0.8593982
0.838256
0.85020804
0.8382618
0.9162269
0.8382601
0.83828104
0.83828205
0.83823496
0.8382576
0.8382597
0.8382601
0.8082975
0.8382196
0.8383101
0.83828866
0.8382596
0.8764143
0.8780197
0.8382611
0.8514967
0.8080877
0.838257
0.8382775
0.83826154
0.9826539
0.83825916
0.91957563
0.83826053
0.9065934
0.83825976
0.8419609
0.838908
0.62988937
0.83826035
0.83826125
0.8311228
0.838263
0.83343655
0.83818495
0.8161648
0.8382556
0.31660882
0.31519318
0.3142835
0.3147662
0.3152959
0.286899
0.3138487
0.31432903
0.3125628
0.31384188
0.7223124
0.31384304
0.6673372
0.31745356
0.31446987
0.29906893
0.31384137
0.31505665
0.31580117
0.31383783
0.31306487
0.37973246
0.6478971
0.35273245
0.31384704
0.31387156
0.3139751
0.31382966
0.3138404
0.30674118
0.33662313
0.36324203
0.31384736
0.31390738
0.31384322
0.31500566
0.31383926
0.3626868
0.31133926
0.3153743
0.31383994
0.31481543
0.31433842
0.3128778
0.3152782
0.31136897
0.31109154
0.3119334
0.3561273
0.85258263
0.8843616
0.8549464
0.8843522
0.85349613
0.9699098
0.88436204
0.88438606
0.9677805
0.8843621
0.88411295
0.8843622
0.88424766
0.96820843
0.8725985
0.8988791
0.8843622
0.88443327
0.9402702
0.8843622
0.9522515
0.8594407
0.8843247
0.8845167
0.8843622
0.8843621
0.88432485
0.884369
0.88436204
0.9521017
0.8903406
0.8844047
0.8843616
0.72208256
0.8843624
0.964825
0.88436246
0.8847269
0.88477767
0.8843558
0.88436174
0.9641893
0.94933254
0.8843629
0.87575644
0.8845415
0.938068
0.8843728
0.88436973
0.968845
0.794454
0.8526258
0.7944242
0.9472612
0.8761898
0.79442185
0.7945078
0.83632416
0.79442114
0.7975074
0.7944217
0.79615366
0.9709915
0.89189947
0.67556065
0.79442155
0.792168
0.9701099
0.7944203
0.81522405
0.958201
0.796481
0.79503846
0.7944214
0.7944217
0.8198928
0.79442465
0.79442024
0.81908834
0.95305467
0.7956129
0.7944224
0.6910743
0.79442954
0.96641433
0.7944215
0.79591787
0.7947673
0.79440236
0.79441947
0.97039604
0.9170441
0.7943969
0.931674
0.79415005
0.7405577
0.7943523
0.79383796
0.4578001
0.3718947
0.4578051
0.36593258
0.4578048
0.4733341
0.70619345
0.48436818
0.45783898
0.31320783
0.4578009
0.43795767
0.45780328
0.4577997
0.4578071
0.45780414
0.5662077
0.45780435
0.4578043
0.457806
0.45823902
0.4578069
0.45780674
0.45780864
0.34928474
0.36759484
0.45780808
0.5290952
0.3781653
0.45781514
0.4578142
0.4578059
0.68190664
0.45780408
0.4403001
0.457804
0.50928766
0.45781478
0.479605
0.4495288
0.14260341
0.4578043
0.4578076
0.4557023
0.45780557
0.46115708
0.45785215
0.45816785
0.4578071
0.6959487
0.45147166
0.5003123
0.45125794
0.6623226
0.48376238
0.45117155
0.45232013
0.5185276
0.45131376
0.45088437
0.45157
0.45129985
0.5586569
0.5033211
0.1913771
0.45146087
0.4517695
0.6062176
0.6008287
0.45140427
0.62425566
0.45176893
0.45224357
0.45153645
0.45154238
0.4358035
0.4519643
0.4513706
0.49487323
0.6511237
0.4521531
0.45107502
0.24437079
0.4517087
0.5318709
0.45187455
0.45301542
0.45318547
0.451181
0.45063344
0.56659997
0.6847576
0.45166266
0.5708538
0.4524735
0.25933778
0.451832
0.45173073
0.8955858
0.6568051
0.71946305
0.6566808
0.81709754
0.779355
0.6567152
0.65691835
0.7082016
0.6566611
0.69484943
0.6566829
0.6800683
0.9520608
0.7541182
0.5259898
0.6566857
0.6224762
0.94738925
0.82180464
0.6566211
0.6777544
0.6795464
0.6629912
0.6566608
0.65665996
0.6940879
0.65664536
0.6566198
0.6750134
0.8380896
0.66475064
0.6567337
0.5908478
0.65668094
0.9464965
0.6566581
0.6693512
0.6573637
0.65659994
0.656597
0.9506814
0.8249765
0.6564943
0.7980413
0.6560437
0.6030699
0.6563648
0.64981204
0.4959146
0.49576923
0.49508077
0.4946
0.4955723
0.5398964
0.49500826
0.49678215
0.49757966
0.49499682
0.84103364
0.49503842
0.87446976
0.49528533
0.49567667
0.49513045
0.49503082
0.64607686
0.4951955
0.49985263
0.49496153
0.49599767
0.5177776
0.5681253
0.49500784
0.49501362
0.49485672
0.4950508
0.49497864
0.50559455
0.50966656
0.6344073
0.49500102
0.49230596
0.4950581
0.49489927
0.4950363
0.7874458
0.50130135
0.49382922
0.49491492
0.49510655
0.49758154
0.49521357
0.49549475
0.4941277
0.4944877
0.49414504
0.51670337
0.43856296
0.43227315
0.43283907
0.43177137
0.43523553
0.38929525
0.43140015
0.4320418
0.4287527
0.43139052
0.78685945
0.43139276
0.8301373
0.4410828
0.43389553
0.4101404
0.4313927
0.50862616
0.43633175
0.43519825
0.4313798
0.42909166
0.524078
0.87737215
0.43139493
0.43142328
0.43158638
0.4313807
0.43138582
0.4186729
0.46757564
0.636457
0.4314062
0.42914858
0.4314007
0.43704095
0.43139014
0.48253563
0.42760658
0.43184277
0.43138406
0.4364588
0.43411553
0.43045503
0.4341448
0.42482293
0.4236647
0.42954916
0.46040604
0.52749693
0.64198303
0.5274901
0.4854754
0.5274891
0.5292305
0.83459985
0.5402404
0.5275012
0.7475537
0.52749395
0.7249496
0.52749157
0.5275077
0.5275117
0.5274645
0.82690614
0.5274828
0.52748823
0.5274891
0.46906015
0.52751786
0.52753764
0.52751505
0.52748936
0.6100209
0.52749693
0.5091024
0.5184991
0.5274915
0.52751416
0.52748984
0.8383769
0.52748746
0.63892007
0.527489
0.5910384
0.5274903
0.5328707
0.5308459
0.3211233
0.527489
0.5274897
0.5235352
0.52749085
0.52512103
0.5274489
0.5173264
0.52748954
0.50838697
0.50628257
0.5083867
0.4928094
0.5083838
0.5080727
0.76464593
0.5140627
0.5084018
0.6711882
0.508402
0.6110175
0.5084027
0.5083914
0.5084095
0.5083853
0.75545746
0.5084146
0.5083822
0.50838155
0.4862714
0.50815463
0.5083567
0.50838125
0.5083869
0.5576003
0.50841886
0.53964454
0.5352943
0.50839484
0.5083941
0.50839597
0.7657289
0.5083826
0.52618825
0.50838256
0.54935086
0.5083907
0.51506686
0.5239415
0.29310688
0.5083827
0.5083809
0.51084125
0.50837713
0.52886754
0.50839305
0.5142512
0.50841796
0.7292644
0.48675907
0.56616706
0.48674262
0.7199968
0.61578786
0.4867712
0.48704484
0.6435807
0.48679686
0.48631698
0.48681074
0.4866032
0.5829762
0.5630933
0.30008572
0.48680228
0.48706758
0.6341025
0.61713
0.48681447
0.6322859
0.6810064
0.4867241
0.48724598
0.4868163
0.4868181
0.48687336
0.48681268
0.58969027
0.71658313
0.4872295
0.4867589
0.27198592
0.4868277
0.55866003
0.48684838
0.4876758
0.48800075
0.4866971
0.48674488
0.5912188
0.7275847
0.48686284
0.6442771
0.48815602
0.382617
0.48696324
0.48693022
0.37865767
0.38511646
0.37866613
0.2885443
0.37866822
0.38141844
0.28181514
0.36459127
0.3787024
0.28300643
0.378663
0.45486373
0.37867016
0.37866667
0.37865594
0.37867343
0.4331457
0.37867904
0.37866825
0.37868646
0.29163542
0.37881553
0.37869158
0.3786853
0.37867895
0.2828189
0.32980347
0.37865242
0.35525146
0.37868413
0.3786927
0.37867293
0.27528498
0.37866738
0.49737293
0.3786611
0.3511824
0.3786906
0.3746096
0.36951584
0.2654361
0.37867162
0.3786828
0.3769989
0.37868276
0.36384815
0.3786842
0.3736691
0.3786724
0.66092706
0.8573492
0.6609018
0.7606954
0.6609
0.6574037
0.9697751
0.69910365
0.6608975
0.9048156
0.6609115
0.9438711
0.660906
0.66094357
0.6609532
0.6608494
0.9724596
0.6608799
0.6608986
0.6608993
0.67914116
0.66081583
0.6610191
0.66097605
0.66089875
0.8511148
0.83328325
0.6609151
0.7156497
0.6608971
0.66094965
0.66090375
0.9593015
0.6608955
0.9148733
0.66090053
0.8181416
0.6608976
0.66835475
0.6741296
0.516771
0.6609002
0.6609007
0.6583429
0.6609047
0.66015375
0.6607526
0.62673104
0.66089654
0.95942646
0.7143467
0.82321125
0.71411765
0.9355868
0.82645345
0.71403545
0.71440357
0.7584924
0.7140167
0.7422608
0.71402264
0.72977513
0.96285415
0.87048656
0.5963443
0.71402377
0.6966687
0.9615486
0.8705544
0.71400213
0.7194154
0.94842035
0.7267298
0.7159081
0.7140164
0.7140184
0.7573826
0.71400917
0.7140025
0.94296753
0.7185463
0.71404105
0.64826417
0.7140308
0.9574114
0.71401346
0.7175141
0.714397
0.71401983
0.7139978
0.9620807
0.8822068
0.7137823
0.9174676
0.71331507
0.6584814
0.713468
0.7097854
0.93455887
0.6478759
0.7871226
0.64784294
0.89729404
0.7847417
0.6476168
0.6479162
0.71713895
0.6475986
0.67264533
0.647598
0.6624487
0.94471943
0.7971291
0.537346
0.647601
0.63617927
0.9426017
0.80376345
0.6475835
0.6687854
0.91106105
0.6557343
0.65175855
0.64759564
0.64759773
0.7444233
0.6475864
0.6475845
0.6738062
0.6516496
0.64762545
0.68395996
0.6476008
0.93663156
0.647588
0.65149057
0.648167
0.64792734
0.6475759
0.9439469
0.81431496
0.64742005
0.8604069
0.64866066
0.5727137
0.6472345
0.647986
0.52781725
0.52907944
0.5304148
0.5293185
0.5296152
0.5431155
0.5291188
0.5292409
0.5334816
0.5291288
0.7823991
0.5291226
0.86371464
0.52661115
0.530407
0.53928393
0.52912253
0.5450824
0.52746546
0.52742594
0.5291319
0.5283434
0.48777544
0.68150866
0.53740937
0.5291297
0.52913064
0.53094363
0.5291558
0.52913404
0.54449254
0.5277433
0.5291179
0.5293663
0.5291255
0.5263495
0.52912915
0.6052916
0.5320068
0.5297777
0.52912015
0.52741164
0.5282157
0.5296679
0.5232535
0.5382206
0.5313046
0.52953863
0.5967386
0.5860706
0.5834025
0.58607465
0.49920103
0.58607537
0.59367293
0.51033753
0.5926375
0.5860924
0.48319113
0.5860743
0.60058504
0.5860751
0.586071
0.586067
0.5860768
0.58365285
0.58607566
0.5860754
0.5860763
0.48177764
0.58626884
0.58607036
0.58607924
0.58607596
0.5095514
0.5494504
0.5860662
0.5723254
0.5075575
0.5860787
0.5860788
0.5860756
0.5860751
0.6377985
0.586075
0.5959861
0.58607817
0.59314954
0.5756935
0.3443196
0.58607537
0.5860779
0.5824055
0.5860762
0.5797136
0.5860822
0.5817245
0.58607095
0.9657478
0.7301604
0.871205
0.7301618
0.95552963
0.8603143
0.73014045
0.73019934
0.79794514
0.73014
0.7322659
0.73014027
0.7312899
0.96273
0.9096467
0.63184214
0.7301401
0.72888315
0.9617461
0.88679844
0.73013943
0.75200236
0.96153784
0.73147035
0.7305456
0.7301402
0.7301406
0.7989004
0.7301423
0.7301395
0.75393975
0.96223664
0.7314234
0.7301417
0.7301526
0.9568778
0.7301402
0.73039424
0.73038733
0.7301507
0.73013926
0.96197814
0.9013669
0.73012406
0.9458309
0.7300839
0.6815733
0.73007643
0.72991174
0.22034489
0.20560987
0.22035377
0.17577519
0.22035287
0.22842716
0.16630705
0.22681578
0.22038148
0.15322939
0.22035268
0.223511
0.22035494
0.2203385
0.22034332
0.22036786
0.21119487
0.22035795
0.220348
0.22036046
0.19835395
0.2205421
0.22033513
0.220352
0.22035739
0.17647839
0.18808734
0.22035275
0.27296656
0.20225397
0.22036523
0.22035459
0.22035657
0.16584776
0.22035004
0.2203443
0.24355187
0.22036058
0.22886388
0.21344654
0.10488463
0.22034727
0.22036341
0.21938722
0.22035459
0.22117738
0.22038937
0.22525391
0.22035547
0.2749333
0.33873996
0.3536566
0.33875406
0.32770127
0.6844815
0.33874112
0.33873257
0.7022828
0.33874243
0.33843166
0.33874118
0.3386463
0.38914886
0.33799237
0.6958261
0.33874145
0.33942813
0.34105206
0.22081746
0.33874318
0.3418329
0.28715134
0.33801988
0.3387796
0.33874238
0.3387421
0.4572657
0.33875945
0.3387435
0.63736725
0.3019927
0.3392023
0.33874014
0.33378184
0.33872733
0.33874243
0.33897355
0.3392629
0.33875254
0.33874205
0.36785027
0.26101977
0.33874917
0.2006806
0.34296864
0.7031073
0.33880663
0.33904856
0.78086925
0.7588395
0.78087825
0.71317655
0.78087854
0.79199797
0.63227886
0.79108745
0.7809055
0.6579781
0.7808747
0.74710363
0.78087753
0.7808643
0.7808699
0.7808935
0.7272661
0.780882
0.78087825
0.7808797
0.73757696
0.78115726
0.78085107
0.78087085
0.7808801
0.7228219
0.7292324
0.78087926
0.871944
0.7554742
0.7808872
0.780876
0.78087926
0.6219373
0.7808785
0.8175213
0.78087735
0.7808829
0.7937142
0.773796
0.4706812
0.7808778
0.78088063
0.78383857
0.7808776
0.7862702
0.78093207
0.7924172
0.7808809
0.63060844
0.6282257
0.62797236
0.62768847
0.62897754
0.64546263
0.6276087
0.6285261
0.6286172
0.6276044
0.8708903
0.6276074
0.9215369
0.630098
0.62854916
0.6213765
0.62760687
0.7045441
0.62864006
0.63227487
0.62759537
0.6275316
0.68090314
0.9590185
0.6762901
0.6276072
0.62762386
0.62764066
0.62762195
0.6276013
0.63281
0.65325475
0.81156087
0.6276102
0.62521476
0.6276164
0.62837154
0.6276076
0.6305927
0.62752193
0.62759423
0.6283594
0.63010156
0.62752974
0.6285514
0.6255943
0.6247561
0.62654907
0.63857204
0.7006638
0.9240157
0.6992555
0.8281452
0.7000799
0.6932671
0.84725136
0.8470742
0.69740313
0.77039397
0.7307907
0.77539337
0.7178281
0.7025766
0.6996554
0.6956156
0.79368097
0.687494
0.7013119
0.6991727
0.69552034
0.6962345
0.7026079
0.7158067
0.6974158
0.7512447
0.74437064
0.6985252
0.71242803
0.7141649
0.69736576
0.70262325
0.70472276
0.8625561
0.69671065
0.77045554
0.7022673
0.73780346
0.6975994
0.8192301
0.6928305
0.7020002
0.6995326
0.66990083
0.6992002
0.7155323
0.6940457
0.5713031
0.6951368
0.6446594
0.8863147
0.6445362
0.69186723
0.6445617
0.64388806
0.70218474
0.7320187
0.6445345
0.66075796
0.6459354
0.6737982
0.6455705
0.6445597
0.64453435
0.64437336
0.67996746
0.6428385
0.6445435
0.64463013
0.63471335
0.64432305
0.6450537
0.64675933
0.6444607
0.6531213
0.6561489
0.6444975
0.6409456
0.6451369
0.64446276
0.64559793
0.64480126
0.7143012
0.6444796
0.6730113
0.6445452
0.6525935
0.6446979
0.68135333
0.6388824
0.6445537
0.6446313
0.6671853
0.6445802
0.6232188
0.6437717
0.6881331
0.64388824
0.77258205
0.73324597
0.77259386
0.67514706
0.77259445
0.7846463
0.6157251
0.7774465
0.77262336
0.59710336
0.7725899
0.7532895
0.7725928
0.7725782
0.7725799
0.7726101
0.72030765
0.77259934
0.77259475
0.77259594
0.7178053
0.77292454
0.7725663
0.772581
0.7725964
0.6790773
0.6987016
0.77259153
0.83930117
0.7281578
0.772604
0.7725912
0.77259415
0.73412555
0.772595
0.79928297
0.77259386
0.7892392
0.7725997
0.7845657
0.7634811
0.7725942
0.7725966
0.77528024
0.77259415
0.7753604
0.7726643
0.7880848
0.7725973
0.68530303
0.34781364
0.775207
0.3478509
0.7571591
0.2732517
0.34781098
0.34784505
0.41739073
0.34781024
0.34819055
0.34780985
0.347989
0.57127106
0.75044143
0.3701377
0.34780997
0.34775808
0.61210054
0.544285
0.34780952
0.26842317
0.738153
0.34850386
0.34792522
0.34781045
0.34781057
0.6535932
0.34781796
0.3478102
0.48077983
0.78387666
0.35004854
0.34781262
0.51330864
0.34781995
0.4975657
0.34780988
0.34777936
0.3479384
0.34783068
0.3478093
0.62573254
0.34780663
0.72764456
0.350257
0.32862747
0.3477683
0.34790474
0.8070222
0.86421967
0.80473953
0.8641976
0.8048396
0.9136459
0.8642165
0.8642205
0.9615485
0.864218
0.863367
0.86421895
0.863924
0.9523759
0.8527627
0.87026954
0.8642187
0.8647644
0.94588715
0.84841204
0.8642178
0.9081343
0.67395574
0.86437875
0.8646206
0.8642178
0.864218
0.85162205
0.864222
0.8642188
0.94801176
0.85117596
0.86408854
0.8642158
0.7092967
0.86422426
0.9387867
0.8642187
0.8650236
0.8644045
0.86421335
0.86421674
0.95715576
0.8642458
0.6517973
0.8641402
0.895244
0.8642529
0.8645517
0.68259984
0.93167967
0.68229836
0.8206753
0.68233734
0.6799751
0.85120505
0.8584516
0.68215597
0.7646933
0.68695104
0.7755785
0.6856749
0.6823134
0.6822789
0.68194723
0.79581237
0.67958164
0.6822759
0.68236226
0.67231905
0.681543
0.6831126
0.6872855
0.68213636
0.7427403
0.73461634
0.68230796
0.7035258
0.6984115
0.6821011
0.68384594
0.6835972
0.8657498
0.6821353
0.7732802
0.6822813
0.7314456
0.68234104
0.72850597
0.80474895
0.666587
0.68228865
0.6823928
0.68228257
0.70056134
0.68060887
0.55999845
0.6814078
0.6600299
0.63684684
0.62974405
0.63680637
0.67643064
0.86042774
0.6368223
0.636855
0.91043246
0.6368253
0.6362859
0.63682973
0.63695836
0.90482986
0.7742275
0.7574513
0.6368288
0.637472
0.8702867
0.7668591
0.636822
0.7707287
0.53202605
0.6382408
0.63772976
0.63682425
0.63682497
0.66084546
0.6368367
0.6368259
0.8672809
0.7914435
0.63740075
0.6368209
0.34607798
0.63685316
0.8842804
0.63682646
0.6382455
0.6371823
0.6368261
0.6368192
0.91024554
0.74768513
0.6368573
0.6362229
0.7530084
0.6368188
0.63737285
0.51481736
0.6950385
0.5089921
0.6090816
0.5124576
0.49384284
0.6606851
0.67626625
0.5000603
0.5842944
0.56541824
0.59382915
0.53839004
0.5244582
0.5095989
0.49530154
0.61333525
0.47570723
0.51855236
0.5083393
0.49906704
0.4988544
0.51656324
0.5323723
0.5003874
0.56955534
0.5639947
0.5055223
0.5103814
0.51054037
0.4998707
0.51539505
0.5141988
0.6672288
0.50023425
0.58421016
0.52427804
0.5557617
0.5012803
0.5210077
0.56868875
0.49887493
0.5217842
0.51121616
0.4129299
0.51089996
0.4924145
0.36609334
0.4931303
0.8262472
0.7343432
0.69414973
0.7339998
0.7437838
0.76838166
0.7340462
0.7344204
0.9165836
0.7341774
0.7318704
0.7342701
0.7336106
0.89699435
0.7917073
0.51280296
0.7342411
0.73589206
0.9086775
0.8717686
0.7341474
0.8613672
0.7922529
0.73526484
0.7355545
0.73417175
0.7341841
0.7467756
0.73428345
0.73422766
0.8969474
0.8635545
0.7345056
0.7340031
0.49246925
0.7343442
0.84789205
0.7342346
0.73664343
0.7350715
0.73418456
0.7340572
0.9083021
0.8344059
0.7346487
0.64665926
0.7341402
0.7345531
0.73527443
0.35991192
0.64335984
0.3596604
0.53772193
0.35970652
0.35799134
0.55838
0.5036514
0.3594192
0.43961132
0.3615207
0.44315198
0.36104727
0.35978034
0.35962936
0.35932967
0.4721765
0.3576077
0.3597063
0.3596653
0.35940453
0.35882583
0.3600594
0.36197373
0.35946715
0.41513556
0.4105847
0.35965714
0.3675815
0.37345475
0.35932368
0.36062935
0.36010695
0.58033544
0.3594842
0.4327357
0.35975724
0.39869523
0.3596011
0.41601047
0.6058855
0.35624766
0.35974786
0.35975608
0.33486173
0.35965607
0.43563786
0.3582876
0.35891435
0.68876773
0.6860151
0.68289214
0.68336844
0.68483716
0.59647644
0.6824866
0.68372357
0.67866844
0.68238616
0.8402538
0.6824086
0.8697927
0.68954515
0.68348044
0.6526775
0.68242043
0.429984
0.68499523
0.68558925
0.6822964
0.68012
0.7720966
0.9255114
0.557816
0.6823759
0.68242097
0.682165
0.6822862
0.6823254
0.6570062
0.7204998
0.82574445
0.68250436
0.68031305
0.68240684
0.6847996
0.6823534
0.6501232
0.6733649
0.6831531
0.68233454
0.68444073
0.68461335
0.6797515
0.68503886
0.66679174
0.6739646
0.67579585
